A:0.255638142292457--- rank is: 1
E:0.186321694877635--- rank is: 2
C:0.15096211721831063--- rank is: 3
F:0.15096211721831063--- rank is: 4
B:0.13813736754450126--- rank is: 5
D:0.11797856084878554--- rank is: 6
number of sink nodes : 0
Total inlinks : 23